E9A E9 1 1 12826.3730566 21538.9110508 54.09
E9B E9 1 2 12912.1581754 21230.4163938 54.034
E9C E9 2 3 12779.7189387 21359.5553057 56.548
E9D E9 1 4 12601.5354455 21309.7990724 54.04
E10A E10 1 1 12700.6424 21991.0551561 52.797
E10B E10 1 2 12389.5322792 22071.4440405 52.842
E10C E10 2 3 12568.0156255 22120.8684786 55.336
E10D E10 1 4 12614.5733991 22300.1974325 53.745
E11A E11 1 1 12191.8288387 23809.6184131 79.23
E11B E11 1 2 12277.794272 23507.1939692 79.13
E11C E11 2 3 12147.2613186 23633.9567322 81.55
E11D E11 1 4 11970.4266465 23584.5755743 79.08
E12A E12 1 1 12067.0013383 24267.0995878 70.78
E12B E12 1 2 11757.3533902 24344.4698548 70.452
E12C E12 2 3 11936.2375669 24396.1854355 73.09
E12D E12 1 4 11980.1250074 24572.7997401 70.72
E13A E13 1 1 11769.6798401 25333.321036 63.0
E13B E13 1 2 11853.692113 25028.5889602 63.37
E13C E13 2 3 11724.2189476 25155.6464254 65.88
E13D E13 1 4 11546.993229 25107.2982644 63.44
E14A E14 1 1 11642.7167926 25789.8969821 52.67
E14B E14 1 2 11335.1935715 25868.5846462 52.13
E14C E14 2 3 11511.7500305 25917.4732622 54.8
E14D E14 1 4 11558.1424245 26094.7841354 52.67
E15A E15 1 1 11350.9219737 26847.0682472 41.35
E15B E15 1 2 11430.7780285 26550.9370929 40.87
E15C E15 2 3 11300.747919 26678.8776284 43.74
E15D E15 1 4 11123.8596647 26629.6891593 41.33
E16A E16 1 1 11220.814583 27311.5923444 34.94
E16B E16 1 2 10912.7400868 27390.0229175 34.66
E16C E16 2 3 11089.7195344 27438.5101849 37.27
E16D E16 1 4 11135.4534889 27615.9493447 34.2
E17A E17 1 1 10923.830549 28376.9734844 28.03
E17B E17 1 2 11008.367306 28072.594844 29.1
E17C E17 2 3 10876.9883753 28200.160304 31.02
E17D E17 1 4 10701.0903558 28151.1434016 28.53
E18A E18 1 1 10796.7711572 28833.5226394 44.485
E18B E18 1 2 10489.6601046 28912.2211236 44.459
E18C E18 2 3 10665.9702927 28961.2488461 46.983
E18D E18 1 4 10712.3735068 29138.1475508 44.702
E19A E19 1 1 10536.9669901 29768.1861162 42.138
E19B E19 1 2 10229.8291465 29846.9809447 44.094
E19C E19 2 3 10405.7379861 29895.5856786 46.576
E19D E19 1 4 10452.2803066 30072.7306542 43.997
F7A F7 1 1 12306.0638454 20164.1585295 56.071
F7B F7 1 2 12616.1620914 20084.4224155 56.051
F7C F7 2 3 12438.1712869 20034.7197644 58.54
F7D F7 1 4 12391.6294844 19855.7066346 55.991
F8A F8 1 1 12094.0555281 20925.0755048 54.459
F8B F8 1 2 12404.6087048 20845.5696907 54.486
F8C F8 2 3 12226.6982736 20795.5780065 57.029
F8D F8 1 4 12179.7870647 20616.7735366 54.538
F9A F9 1 1 11882.2558706 21686.3618866 53.658
F9B F9 1 2 12193.53704 21606.8509215 53.651
F9C F9 2 3 12014.8450339 21557.057077 56.192
F9D F9 1 4 11967.8642717 21378.1294716 53.638
F10A F10 1 1 11756.541185 22138.8218161 51.633
F10B F10 1 2 11671.0023371 22447.1773666 51.651
F10C F10 2 3 11803.2488851 22317.9848724 54.176
F10D F10 1 4 11981.609096 22367.4788638 51.559
F11A F11 1 1 11251.8276692 23958.3176108 51.34
F11B F11 1 2 11559.0618572 23879.5495734 51.32
F11C F11 2 3 11382.5321893 23830.5646131 53.86
F11D F11 1 4 11336.075393 23653.8585971 51.304
F12A F12 1 1 11124.3293177 24414.9522902 47.965
F12B F12 1 2 11039.9852495 24719.3845128 49.804
F12C F12 2 3 11171.0483559 24591.8350238 52.398
F12D F12 1 4 11347.2889908 24640.7396108 49.845
F13A F13 1 1 10828.4854451 25480.3390993 48.982
F13B F13 1 2 11135.8211285 25402.3258458 48.98
F13C F13 2 3 10959.398625 25352.955508 51.519
F13D F13 1 4 10913.2040707 25176.4262097 48.982
F14A F14 1 1 10701.1797823 25937.0273608 47.401
F14B F14 1 2 10616.808923 26241.5559278 47.388
F14C F14 2 3 10747.6793407 26113.9528566 49.93
F14D F14 1 4 10924.1822176 26163.0341613 46.094
F15A F15 1 1 10404.9397122 27002.7191741 46.438
F15B F15 1 2 10712.4361422 26924.1278544 46.426
F15C F15 2 3 10536.099163 26875.1964762 49.017
F15D F15 1 4 10489.695949 26698.2977715 46.477
F16A F16 1 1 10277.8803204 27459.2683291 46.621
F16B F16 1 2 10193.3863256 27763.8664493 45.96
F16C F16 2 3 10324.449432 27636.3169604 48.528
F16D F16 1 4 10500.8827556 27685.2751296 45.951
F17A F17 1 1 10066.4500692 28220.3460511 45.188
F17B F17 1 2 9981.66704138 28524.863798 45.24
F17C F17 2 3 10112.7301478 28397.3143091 47.737
F17D F17 1 4 10288.8208561 28446.3847937 45.805
F18A F18 1 1 9720.51868615 29461.7483462 43.277
F18B F18 1 2 10031.5911958 29381.8679747 43.3
F18C F18 2 3 9852.2567212 29332.5182408 45.845
F18D F18 1 4 9806.05753401 29153.3927957 43.302
F19A F19 1 1 9594.41862309 29914.1011113 44.474
F19B F19 1 2 9508.75663976 30222.526215 42.605
F19C F19 2 3 9641.15311432 30093.1678232 46.342
F19D F19 1 4 9819.44377193 30142.5386791 43.749
G6A G6 1 1 11636.825085 19567.9675018 54.28
G6B G6 1 2 11722.6529659 19259.6923247 54.429
G6C G6 2 3 11590.4064179 19388.8848188 56.938
G6D G6 1 4 11412.1961336 19339.2249299 54.409
G7A G7 1 1 11425.5447604 20328.8793262 53.763
G7B G7 1 2 11511.0300261 20020.7164644 53.806
G7C G7 2 3 11378.3177273 20150.0908273 56.293
G7D G7 1 4 11199.9575164 20100.5968359 53.715
G8A G8 1 1 11299.5034305 20781.7673953 53.087
G8B G8 1 2 10988.6236096 20861.701349 53.092
G8C G8 2 3 11166.9142673 20911.0722049 55.613
G8D G8 1 4 11213.4988319 21090.3048145 53.095
G9A G9 1 1 11002.1489541 21851.0935034 52.686
G9B G9 1 2 11087.703773 21543.0537771 52.799
G9C G9 2 3 10955.1146097 21672.3585866 55.263
G9D G9 1 4 10777.0006698 21622.7254888 52.688
G10A G10 1 1 10876.1503864 22304.2010523 51.748
G10B G10 1 2 10565.4740743 22383.7764197 51.678
G10C G10 2 3 10743.4648787 22433.4790708 54.212
G10D G10 1 4 10790.1725788 22612.6421271 51.676
G11A G11 1 1 10369.2745324 24122.8879629 51.203
G11B G11 1 2 10453.9344248 23818.4397692 51.26
G11C G11 2 3 10323.2139337 23945.8769428 53.778
G11D G11 1 4 10146.8769545 23896.9455647 51.283
G12A G12 1 1 10242.3810382 24579.5870445 50.364
G12B G12 1 2 9935.0345348 24658.0124666 50.339
G12C G12 2 3 10111.371514 24706.9438447 52.894
G12D G12 1 4 10157.3625595 24883.8317294 50.369
G13A G13 1 1 9946.05544381 25644.8398981 49.6735
G13B G13 1 2 10030.8008605 25340.8306641 49.35
G13C G13 2 3 9899.64140971 25468.3533619 51.863
G13D G13 1 4 9723.31525057 25419.0098153 49.379
G14A G14 1 1 9819.02799407 26102.0207015 48.864
G14B G14 1 2 9511.41924865 26180.2694059 48.565
G14C G14 2 3 9688.14160531 26229.3079485 51.177
G14D G14 1 4 9734.25578626 26406.1262799 46.75
G15A G15 1 1 9522.60605529 27167.246764 45.973
G15B G15 1 2 9607.45863641 26862.8521525 48.469
G15C G15 2 3 9476.49187434 26990.4284326 50.322
G15D G15 1 4 9300.29967072 26940.6031641 48.1395
G16A G16 1 1 9395.51987234 27623.8922634 44.588
G16B G16 1 2 9088.21613107 27702.5371653 46.486
G16C G16 2 3 9264.62266353 27751.5916789 49.038
G16D G16 1 4 9311.31491067 27928.5707569 46.479
G17A G17 1 1 9051.91157406 28865.5253764 41.205
G17B G17 1 2 9138.05527922 28557.2342282 43.097
G17C G17 2 3 9005.18790289 28686.0464959 45.64
G17D G17 1 4 8826.3140281 28635.7869006 43.107
G18A G18 1 1 8924.85785128 29320.9343701 44.354
G18B G18 1 2 8615.10840779 29397.5498532 44.274
G18C G18 2 3 8793.1687655 29447.3756398 46.822
G18D G18 1 4 8839.79094132 29626.0997364 44.331
G19A G19 1 1 8628.28031686 30387.4664915 44.036
G19B G19 1 2 8714.01185346 30079.1645233 44.227
G19C G19 2 3 8581.64217 30208.4265707 46.683
G19D G19 1 4 8403.30875024 30158.836235 41.664
G20A G20 1 1 8502.16943375 30840.2314252 43.527
G20B G20 1 2 8191.39677727 30919.7800014 43.576
G20C G20 2 3 8369.89609466 30969.5202637 46.131
G20D G20 1 4 8417.01596335 31148.6941401 43.519
H6A H6 1 1 10692.7774522 19715.5414731 53.983
H6B H6 1 2 11004.165786 19635.6451306 53.991
H6C H6 2 3 10825.1471356 19586.2794257 56.477
H6D H6 1 4 10778.6053331 19407.266296 53.96
H7A H7 1 1 10481.1009301 20476.7583016 53.71
H7B H7 1 2 10791.9539599 20396.9206923 53.762
H7C H7 2 3 10613.593749 20347.426701 56.308
H7D H7 1 4 10566.8592578 20168.359989 53.712
H8A H8 1 1 10355.0863913 20929.5500264 52.966
H8B H8 1 2 10269.5743346 21237.8092325 52.957
H8C H8 2 3 10401.8208826 21108.6167384 55.519
H8D H8 1 4 10580.4273644 21157.9716232 53.039
H9A H9 1 1 10058.1013213 21998.6674747 52.067
H9B H9 1 2 10368.7508423 21919.1884517 52.219
H9C H9 2 3 10190.540558 21869.5285627 54.63
H9D H9 1 4 10143.6829313 21690.531404 52.222
H10A H10 1 1 9931.97961812 22451.8445769 50.858
H10B H10 1 2 9846.34442589 22760.1733363 50.685
H10C H10 2 3 9978.76769156 22630.7186001 53.299
H10D H10 1 4 10156.9511847 22680.4748334 50.775
H11A H11 1 1 9427.20736916 24270.8050676 48.005
H11B H11 1 2 9734.55387259 24192.3796455 49.175
H11C H11 2 3 9557.9546514 24143.2715497 52.475
H11D H11 1 4 9511.81367934 23966.5495627 49.9
H12A H12 1 1 9215.50405598 25032.1182405 49.58
H12B H12 1 2 9522.71145288 24953.4465474 49.53
H12C H12 2 3 9346.44402694 24904.6383048 52.121
H12D H12 1 4 9300.26029273 24727.6968379 49.56
H13A H13 1 1 9088.5410085 25488.6941866 49.033
H13B H13 1 2 9004.03104268 25792.9764826 47.759
H13C H13 2 3 9134.77832492 25665.4429647 51.57
H13D H13 1 4 9311.08851302 25714.4706872 49.05
H14A H14 1 1 8792.27414729 26554.4823442 46.29
H14B H14 1 2 9099.56191751 26475.5216181 48.223
H14C H14 2 3 8923.1981472 26426.6865843 50.77
H14D H14 1 4 8876.96083078 26249.9378062 46.267
H15A H15 1 1 8665.29512876 27010.7424661 46.301
H15B H15 1 2 8580.48530979 27315.3565574 47.558
H15C H15 2 3 8711.3825186 27187.6571419 50.133
H15D H15 1 4 8888.05129306 27236.8883732 47.549
H16A H16 1 1 8319.30501246 28251.6094572 44.609
H16B H16 1 2 8629.91177132 28171.9109543 45.892
H16C H16 2 3 8451.67469592 28122.3474097 48.408
H16D H16 1 4 8404.87065143 27943.1575623 45.836
H17A H17 1 1 8193.36002698 28704.5243174 42.471
H17B H17 1 2 8107.48938386 29012.5800147 45.01
H17C H17 2 3 8240.02496494 28883.4678939 47.515
H17D H17 1 4 8418.3315936 28933.154574 44.984
H18A H18 1 1 7896.00555051 29773.8504254 44.551
H18B H18 1 2 8206.61230937 29694.1519226 44.557
H18C H18 2 3 8028.37523397 29644.588378 47.03
H18D H18 1 4 7981.57118948 29465.3985306 44.534
H19A H19 1 1 7769.92145851 30226.5190147 41.932
H19B H19 1 2 7684.18992191 30534.820983 44.529
H19C H19 2 3 7816.55960537 30405.5589356 46.383
H19D H19 1 4 7994.96257839 30455.2724068 43.986
I5A I5 1 1 10024.1703401 19119.3185034 54.319
I5B I5 1 2 10109.8482945 18811.2092238 54.237
I5C I5 2 3 9977.33950448 18940.2250003 56.808
I5D I5 1 4 9799.17198234 18890.7845912 54.359
I6A I6 1 1 9898.19856349 19572.329708 54.039
I6B I6 1 2 9587.44187805 19652.1941084 54.017
I6C I6 2 3 9765.81290898 19701.2759312 56.545
I6D I6 1 4 9812.493818 19880.5353319 54.09
I7A I7 1 1 9600.81729592 20641.7521604 53.616
I7B I7 1 2 9686.53286146 20333.1343679 53.74
I7C I7 2 3 9554.10959579 20462.5891041 56.205
I7D I7 1 4 9375.92043354 20413.9730321 53.68
I8A I8 1 1 9474.89910154 21094.5706763 52.484
I8B I8 1 2 9165.29339749 21174.0285772 52.43
I8C I8 2 3 9342.3794915 21223.9986213 55.007
I8D I8 1 4 9389.14077384 21402.9689889 52.526
I9A I9 1 1 9177.49104286 22164.089473 50.819
I9B I9 1 2 9263.24937056 21855.6911604 50.829
I9C I9 2 3 9131.4577533 21985.1139544 53.202
I9D I9 1 4 8953.12948452 21936.2516115 50.688
I10A I10 1 1 9051.46053307 22616.5653736 50.058
I10B I10 1 2 8740.82698311 22696.3602208 49.987
I10C I10 2 3 8918.94092304 22745.9933186 52.476
I10D I10 1 4 8965.79854973 22924.9904773 49.917
I11A I11 1 1 8544.60065018 24435.5681084 49.01
I11B I11 1 2 8629.79584661 24131.0611815 49.596
I11C I11 2 3 8498.6096047 24258.6802237 52.116
I11D I11 1 4 8322.28344555 24209.336677 49.63
I12A I12 1 1 8417.27901635 24891.9405457 45.922
I12B I12 1 2 8110.89595657 24970.6338789 47.658
I12C I12 2 3 8287.13144041 25018.8104731 50.208
I12D I12 1 4 8333.30950556 25196.8921013 47.649
I13A I13 1 1 8121.7133568 25957.8198967 48.01
I13B I13 1 2 8206.27690482 25653.3449119 48.0
I13C I13 2 3 8075.18700728 25780.9907453 50.498
I13D I13 1 4 7898.90361029 25731.8666784 48.3415
I14A I14 1 1 7994.2953786 26414.1655429 45.693
I14B I14 1 2 7687.61246567 26493.1906713 47.602
I14C I14 2 3 7863.39816979 26541.8649585 50.15
I14D I14 1 4 7909.8977282 26718.7904543 47.632
I15A I15 1 1 7650.35528507 27655.4988028 43.755
I15B I15 1 2 7736.22592819 27347.4431055 46.279
I15C I15 2 3 7603.6903471 27476.5552263 48.794
I15D I15 1 4 7425.52282496 27427.1148172 46.26
I16A I16 1 1 7524.43709069 28108.3173187 45.512
I16B I16 1 2 7213.73398747 28187.9890304 45.475
I16C I16 2 3 7391.94427176 28237.6489194 48.068
I16D I16 1 4 7438.70555409 28416.619287 45.46
I17A I17 1 1 7227.12537638 29177.8629066 44.747
I17B I17 1 2 7312.78735972 28869.4378028 43.499
I17C I17 2 3 7180.25177863 28998.5499237 47.323
I17D I17 1 4 7002.08425649 28949.1095145 42.875
I18A I18 1 1 7101.11083764 29630.6546313 43.638
I18B I18 1 2 6790.60042314 29710.3799253 43.604
I18C I18 2 3 6968.98227412 29759.0495795 46.124
I18D I18 1 4 7015.30974778 29938.8334641 43.603
I19A I19 1 1 6889.55745103 30391.8019066 42.849
I19B I19 1 2 6578.8543478 30471.4736183 42.82
I19C I19 2 3 6756.99507884 30521.0103718 45.349
I19D I19 1 4 6803.72957007 30700.0770837 42.774
I20A I20 1 1 6677.90772005 31152.9223907 42.782
I20B I20 1 2 6367.20461683 31232.5941024 40.798
I20C I20 2 3 6545.34534786 31282.1308559 45.292
I20D I20 1 4 6592.17618346 31461.224359 42.749
J5A J5 1 1 9080.09591617 19266.988819 54.195
J5B J5 1 2 9390.85260161 19187.1244186 54.233
J5C J5 2 3 9212.561944 19137.7535627 56.743
J5D J5 1 4 9165.78984161 18959.1953637 54.236
J6A J6 1 1 8954.08137743 19719.7805438 53.691
J6B J6 1 2 8868.4461852 20028.1093032 53.629
J6C J6 2 3 9000.83183971 19899.16308 56.215
J6D J6 1 4 9179.12249732 19948.5339358 53.691
J7A J7 1 1 8656.79645422 20789.2297873 52.938
J7B J7 1 2 8967.47276634 20709.65442 53.049
J7C J7 2 3 8789.23569094 20660.0908754 55.546
J7D J7 1 4 8742.48522867 20480.7083392 53.036
J8A J8 1 1 8530.87825985 21242.0483032 52.151
J8B J8 1 2 8445.13590319 21550.76244 51.795
J8C J8 2 3 8577.55916886 21421.3077039 54.596
J8D J8 1 4 8755.76945316 21470.9675928 52.083
J9A J9 1 1 8233.57736559 22311.1817225 50.64
J9B J9 1 2 8544.05016892 22231.9649415 50.702
J9C J9 2 3 8366.04339341 22181.9464662 54.155
J9D J9 1 4 8319.20173777 22003.2651317 50.779
J10A J10 1 1 8107.605589 22764.1929271 49.888
J10B J10 1 2 8021.87405241 23072.4948954 49.879
J10C J10 2 3 8154.34008023 22943.2596391 52.445
J10D J10 1 4 8332.26648242 22993.5671475 48.62
J11A J11 1 1 7602.69938452 24583.6351396 47.959
J11B J11 1 2 7910.09947016 24505.0170288 48.0
J11C J11 2 3 7733.69293769 24455.9625152 50.487
J11D J11 1 4 7687.48241238 24279.1173927 47.87
J12A J12 1 1 7475.76312814 25040.1147414 46.9
J12B J12 1 2 7391.15681797 25344.3702463 46.88
J12C J12 2 3 7521.26626467 25219.8769859 49.43
J12D J12 1 4 7698.64242791 25266.1910952 46.89
J13A J13 1 1 7263.79757297 25801.2511966 48.193
J13B J13 1 2 7179.5926113 26105.9296901 48.163
J13C J13 2 3 7310.20078701 25978.1499013 50.706
J13D J13 1 4 7486.89635257 26027.2847882 46.9
J14A J14 1 1 6917.98417435 27041.8559456 46.546
J14B J14 1 2 7228.75683083 26962.3073694 46.9025
J14C J14 2 3 7051.40282577 26913.3007689 49.125
J14D J14 1 4 7003.49623111 26733.5967395 44.74
J15A J15 1 1 6792.13553323 27494.797597 45.775
J15B J15 1 2 6706.33444338 27802.9764298 45.704
J15C J15 2 3 6838.77368009 27673.8375178 48.259
J15D J15 1 4 7016.94120223 27723.2779269 46.316
J16A J16 1 1 6494.92016329 28564.3699759 43.103
J16B J16 1 2 6805.221918 28484.2752756 44.1035
J16C J16 2 3 6627.41298222 28435.0383753 47.536
J16D J16 1 4 6580.48580226 28255.9180811 45.028
J17A J17 1 1 6368.76651802 29016.9154298 44.218
J17B J17 1 2 6283.10453469 29325.3405335 44.177
J17C J17 2 3 6415.40466489 29195.9553506 46.801
J17D J17 1 4 6593.80763791 29245.6688218 44.258
J18A J18 1 1 6071.55114808 30086.4878088 43.569
J18B J18 1 2 6382.08835368 30006.6661705 43.598
J18C J18 2 3 6203.92083154 29957.2257613 46.163
J18D J18 1 4 6156.99365158 29778.1054672 43.631
J19A J19 1 1 5945.9219868 30539.386698 43.302
J19B J19 1 2 5859.61238401 30847.5279196 43.05
J19C J19 2 3 5992.07841183 30718.2926633 45.58
J19D J19 1 4 6170.4118316 30767.882999 43.06
K4A K4 1 1 8411.18895094 18671.0976445 52.871
K4B K4 1 2 8497.22034069 18362.463881 55.379
K4C K4 2 3 8364.60438629 18491.865035 57.906
K4D K4 1 4 8186.34051978 18442.3978347 53.491
K5A K5 1 1 8199.51242886 19432.314473 55.035
K5B K5 1 2 8285.16359214 19124.3015379 54.989
K5C K5 2 3 8153.07779078 19252.9159658 57.497
K5D K5 1 4 7974.54086223 19203.6842165 54.983
K6A K6 1 1 8073.79774327 19884.7744026 52.22
K6B K6 1 2 7763.04105783 19964.638803 52.324
K6C K6 2 3 7941.30492434 20014.1060032 56.695
K6D K6 1 4 7987.91628009 20193.2422684 54.223
K7A K7 1 1 7776.38968459 20954.2931993 53.018
K7B K7 1 2 7862.09443008 20646.0875754 53.136
K7C K7 2 3 7729.65519336 20775.2264874 55.651
K7D K7 1 4 7551.33774465 20725.9519759 53.125
K8A K8 1 1 7650.49828132 21407.0153708 51.865
K8B K8 1 2 7339.76838699 21486.7834269 51.846
K8C K8 2 3 7517.82874471 21536.6092135 54.416
K8D K8 1 4 7564.71316251 21715.5100278 51.884
K9A K9 1 1 7352.91350496 22476.7964096 50.811
K9B K9 1 2 7438.82175924 22168.2321993 50.884
K9C K9 2 3 7306.19498478 22298.0455218 53.371
K9D K9 1 4 7128.11865601 22247.9039111 50.848
K10A K10 1 1 7227.26837263 22929.3794746 50.307
K10B K10 1 2 6916.15825183 23009.768359 50.338
K10C K10 2 3 7094.69518038 23059.0001084 52.772
K10D K10 1 4 7141.36011835 23237.9436848 50.089
K11A K11 1 1 6720.58520742 24748.1199674 47.451
K11B K11 1 2 6805.16472649 24443.9608068 47.438
K11C K11 2 3 6674.22475553 24571.4407425 50.007
K11D K11 1 4 6497.62553433 24522.3326467 47.472
K12A K12 1 1 6593.18320027 25204.7814378 46.4215
K12B K12 1 2 6285.80990574 25283.3032043 48.3221
K12C K12 2 3 6461.97531825 25333.2248172 50.8692
K12D K12 1 4 6507.83704113 25513.1905705 48.3273
K13A K13 1 1 6249.20034459 26445.8952178 46.779
K13B K13 1 2 6335.00143444 26137.7163851 46.775
K13C K13 2 3 6201.31898683 26271.6993064 49.248
K13D K13 1 4 6024.39467558 26217.4148879 46.73
K14A K14 1 1 6123.35170347 26898.8368692 46.626
K14B K14 1 2 5812.57904698 26978.3854454 46.338
K14C K14 2 3 5991.05157327 27028.2220521 48.951
K14D K14 1 4 6037.45426925 27206.9889109 46.353
K15A K15 1 1 5826.23267789 27968.4360393 43.97
K15B K15 1 2 5911.77152575 27660.0804888 45.944
K15C K15 2 3 5779.20915356 27789.288954 48.507
K15D K15 1 4 5600.9025249 27739.6022739 46.007
K16A K16 1 1 5699.85955279 28421.0242553 43.143
K16B K16 1 2 5389.27958504 28500.6264137 45.03
K16C K16 2 3 5567.75211132 28550.4630204 47.497
K16D K16 1 4 5614.1815984 28729.1335348 45.036
K17A K17 1 1 5408.02919498 29471.2314169 44.307
K17B K17 1 2 5488.40251054 29182.1983216 45.196
K17C K17 2 3 5355.74379399 29311.3799957 47.059
K17D K17 1 4 5177.67261622 29261.9663777 44.572
K18A K18 1 1 5276.75277957 29943.3188058 43.702
K18B K18 1 2 4965.88377872 30022.8405909 44.024
K18C K18 2 3 5144.09406302 30072.5004799 46.26
K18D K18 1 4 5191.11758734 30251.6475651 43.674
K19A K19 1 1 4979.27516763 31012.7144671 42.685
K19B K19 1 2 4754.30360101 30784.0842105 42.643
K19C K19 2 3 4932.44433204 30833.620964 45.21
K19D K19 1 4 5065.1298397 30704.3429455 41.451
K20A K20 1 1 4853.35697326 31465.5329829 41.372
K20B K20 1 2 4542.65387003 31545.2046946 41.395
K20C K20 2 3 4721.0140809 31594.698686 43.878
K20D K20 1 4 4768.05357627 31774.1615955 41.348
L4A L4 1 1 7467.29124472 18818.5057182 55.327
L4B L4 1 2 7777.96755683 18738.9303509 55.663
L4C L4 2 3 7599.5110016 18689.4095684 57.852
L4D L4 1 4 7552.87285474 18510.3696476 55.292
L5A L5 1 1 7255.64151374 19579.6262024 54.67
L5B L5 1 2 7566.01797271 19500.3826303 54.783
L5C L5 2 3 7387.95761499 19450.5568437 57.247
L5D L5 1 4 7341.49618581 19271.2546808 54.809
L6A L6 1 1 7129.81966373 20032.4715093 53.884
L6B L6 1 2 7043.96499166 20340.8430309 53.726
L6C L6 2 3 7176.18474854 20211.7468811 56.245
L6D L6 1 4 7354.69488599 20261.0749748 53.638
L7A L7 1 1 6832.31526069 21101.963515 52.423
L7B L7 1 2 7142.99157281 21022.3881477 52.644
L7C L7 2 3 6964.65815304 20972.797812 55.11
L7D L7 1 4 6916.09311888 20793.222069 52.704
L8A L8 1 1 6706.09721316 21555.1138261 51.519
L8B L8 1 2 6620.63873861 21863.1803435 51.465
L8C L8 2 3 6753.03521317 21733.8219517 54.045
L8D L8 1 4 6931.39542404 21783.3159431 51.458
L9A L9 1 1 6408.94624548 22624.0813478 50.728
L9B L9 1 2 6719.74569307 22544.4364272 50.777
L9C L9 2 3 6541.35869109 22495.0387802 53.245
L9D L9 1 4 6494.72054423 22315.9988594 50.713
L10A L10 1 1 6283.12439547 23076.9266548 50.428
L10B L10 1 2 6197.47323218 23384.93959 50.383
L10C L10 2 3 6329.80530448 23256.1860555 52.879
L10D L10 1 4 6508.19230646 23305.5837025 50.367
L11A L11 1 1 5778.27177319 24896.1761786 47.169
L11B L11 1 2 6083.11640185 24825.2547969 49.049
L11C L11 2 3 5909.39928189 24768.0218323 51.595
L11D L11 1 4 5862.95845669 24591.6316406 49.063
L12A L12 1 1 5516.81326282 25831.9365365 47.57
L12B L12 1 2 5827.67144361 25752.8269199 47.499
L12C L12 2 3 5648.35860915 25702.6528489 50.067
L12D L12 1 4 5602.56077046 25523.9503924 48.161
L13A L13 1 1 5391.17328148 26285.2475942 46.267
L13B L13 1 2 5305.15271179 26593.4691892 46.273
L13C L13 2 3 5437.61873961 26464.2339329 48.859
L13D L13 1 4 5615.95215938 26513.8242686 46.204
L14A L14 1 1 5093.7652228 27354.766391 45.679
L14B L14 1 2 5404.2756373 27275.0410971 45.691
L14C L14 2 3 5226.25804173 27225.4347903 48.258
L14D L14 1 4 5179.4967594 27046.4644227 45.072
L15A L15 1 1 4967.51008218 27806.5570609 42.98
L15B L15 1 2 4882.11549183 28115.8868751 44.901
L15C L15 2 3 5014.55472855 27986.7479632 47.45
L15D L15 1 4 5192.4600087 28036.0116546 44.863
L16A L16 1 1 4670.29986323 28876.8574327 44.807
L16B L16 1 2 4980.93341319 28797.0625855 42.888
L16C L16 2 3 4802.88902652 28747.5526231 47.38
L16D L16 1 4 4755.89229331 28568.3091935 44.889
L17A L17 1 1 4544.3389067 29329.4564687 42.377
L17B L17 1 2 4458.48423463 29637.8279902 44.26
L17C L17 2 3 4590.92347135 29508.6890783 46.722
L17D L17 1 4 4769.35323548 29558.3062051 44.16
L18A L18 1 1 4247.09674565 30399.1251921 42.026
L18B L18 1 2 4557.71432456 30319.0145207 43.257
L18C L18 2 3 4379.45045805 30269.5473205 45.829
L18D L18 1 4 4332.75872898 30090.7000883 42.694
L19A L19 1 1 4120.86272707 30851.959679 42.195
L19B L19 1 2 4035.23835489 31159.8762698 42.19
L19C L19 2 3 4167.9398336 31030.9140755 44.675
L19D L19 1 4 4346.08056463 31080.450829 40.184
M3A M3 1 1 6771.71630976 18318.8893555 55.378
M3B M3 1 2 6857.72090841 18010.3519364 55.406
M3C M3 2 3 6725.20129837 18139.7798814 57.941
M3D M3 1 4 6546.62160767 18090.3286522 55.4
M4A M4 1 1 6560.21650536 19079.843942 52.027
M4B M4 1 2 6645.79811539 18771.7078714 53.973
M4C M4 2 3 6513.35887867 18900.8467834 56.517
M4D M4 1 4 6334.9986678 18851.352792 54.002
M5A M5 1 1 6434.14838441 19532.8283555 53.737
M5B M5 1 2 6123.34893682 19612.4732762 53.776
M5C M5 2 3 6301.51645896 19661.9136853 56.234
M5D M5 1 4 6348.56677439 19840.9644262 53.704
M6A M6 1 1 6136.76711684 20602.2508079 53.399
M6B M6 1 2 5911.81152126 20373.9363756 53.759
M6C M6 2 3 6090.13979003 20422.7987185 56.123
M6D M6 1 4 6222.53059554 20294.5804881 53.849
M7A M7 1 1 6010.76854915 21055.3583569 52.703
M7B M7 1 2 5700.14581924 21134.7410355 52.383
M7C M7 2 3 5878.35610353 21184.4009245 55.144
M7D M7 1 4 5925.0210415 21363.344501 52.475
M12A M12 1 1 4810.75733668 25371.1309818 47.25
M12B M12 1 2 4500.09699561 25451.0221734 47.26
M12C M12 2 3 4678.14138228 25500.5321358 51.07
M12D M12 1 4 4725.09803245 25679.5464511 48.5
M13A M13 1 1 4513.23696259 26440.3071633 44.69
M13B M13 1 2 4598.93088802 26132.513708 47.16
M13C M13 2 3 4466.7806844 26261.7329932 49.69
M13D M13 1 4 4288.543609 26212.1694486 47.16
M14A M14 1 1 4387.40429252 26893.5646388 46.24
M14B M14 1 2 4076.63163603 26973.1132151 46.15
M14C M14 2 3 4254.72960491 27022.4304887 48.73
M14D M14 1 4 4301.8226825 27201.7007095 44.83
M15A M15 1 1 4089.91070953 27962.6444759 45.23
M15B M15 1 2 4175.73859049 27654.3692988 45.29
M15C M15 2 3 4043.24577156 27783.7008995 52.89
M15D M15 1 4 3864.98190506 27734.2336992 45.26
M16A M16 1 1 3964.22796604 28415.7360539 44.68
M16B M16 1 2 3653.52486281 28495.4077656 44.663
M16C M16 2 3 3831.51566727 28545.1104167 47.084
M16D M16 1 4 3878.06828983 28723.7113779 44.623
M17A M17 1 1 3666.94304283 29485.1852974 44.061
M17B M17 1 2 3752.35875523 29176.8993002 44.036
M17C M17 2 3 3620.13899835 29305.99545 46.597
M17D M17 1 4 3441.87513184 29256.5282497 44.044
M18A M18 1 1 3540.56991773 29937.7735134 43.383
M18B M18 1 2 3229.90957666 30017.6647049 43.269
M18C M18 2 3 3408.39292301 30067.089143 45.768
M18D M18 1 4 3455.14338528 30246.4716791 43.281
M19A M19 1 1 3243.38133889 31007.249548 42.684
M19B M19 1 2 3328.98974002 30699.017133 41.222
M19C M19 2 3 3196.71640093 30828.3059715 45.133
M19D M19 1 4 3018.38298116 30778.7156358 40.666
M20A M20 1 1 3117.27045579 31460.0144816 40.357
M20B M20 1 2 2806.87235671 31540.0823909 41.603
M20C M20 2 3 2984.77763686 31589.3460823 44.126
M20D M20 1 4 3031.60847245 31768.4395854 39.615
N3A N3 1 1 5827.64188586 18466.5596712 56.12
N3B N3 1 2 6138.34498908 18386.8879595 56.204
N3C N3 2 3 5960.14552485 18336.815902 58.551
N3D N3 1 4 5913.45379577 18157.9686698 56.176
N4A N4 1 1 5615.99215489 19227.6801553 54.609
N4B N4 1 2 5926.63652491 19147.4731396 54.431
N4C N4 2 3 5748.51176492 19098.2522103 56.857
N4D N4 1 4 5701.73451154 18918.9660185 54.432
N5A N5 1 1 5490.20791604 19680.0169494 53.56
N5B N5 1 2 5404.28369071 19988.2653355 53.56
N5C N5 2 3 5536.88882505 19859.2763501 56.02
N5D N5 1 4 5715.09910935 19908.936239 53.787
N6A N6 1 1 5192.74627515 20749.7284349 52.468
N6B N6 1 2 5503.53490268 20670.4956829 52.354
N6C N6 2 3 5325.21230297 20620.4931786 54.954
N6D N6 1 4 5278.39743843 20441.7154997 52.38
N7A N7 1 1 5066.71576536 21202.2043355 50.189
N7B N7 1 2 4981.09654417 21510.848919 50.2
N7C N7 2 3 5113.49301874 21381.4905273 54.036
N7D N7 1 4 5291.78367635 21430.8613831 50.182
N11A N11 1 1 3992.53155389 25065.8596462 48.46
N11B N11 1 2 4303.26144822 24986.0915901 48.44
N11C N11 2 3 4124.95481956 24936.40491 50.932
N11D N11 1 4 4077.92047518 24757.6699933 48.432
N12A N12 1 1 3866.54380625 25518.5550266 47.54
N12B N12 1 2 3780.78547855 25826.9533392 47.423
N12C N12 2 3 3913.34785074 25697.744874 50.048
N12D N12 1 4 4091.58492614 25747.3084186 48.177
N13A N13 1 1 3569.47836288 26587.9615079 46.614
N13B N13 1 2 3879.96198627 26508.3325584 45.328
N13C N13 2 3 3701.39826661 26459.1971534 49.121
N13D N13 1 4 3654.86728417 26279.7718551 46.616
N14A N14 1 1 3443.43703303 27040.8495771 43.214
N14B N14 1 2 3357.40564329 27349.4833406 45.147
N14C N14 2 3 3490.26786863 27219.9430801 47.677
N14D N14 1 4 3668.38180856 27269.576178 45.144
N15A N15 1 1 3145.80949452 28110.411136 43.085
N15B N15 1 2 3456.48580664 28030.8357686 44.893
N15C N15 2 3 3278.37186671 27981.2026708 47.455
N15D N15 1 4 3231.54103112 27802.1091677 45.008
N16A N16 1 1 3019.98764451 28563.256443 44.6365
N16B N16 1 2 2934.28289902 28871.4620669 44.418
N16C N16 2 3 3066.62579137 28742.2963638 46.828
N16D N16 1 4 3244.76652241 28791.8331173 44.321
N17A N17 1 1 2722.63316804 29632.582551 43.428
N17B N17 1 2 3033.52896 29552.9644215 43.538
N17C N17 2 3 2855.07240476 29503.4436391 45.992
N17D N17 1 4 2808.33791354 29324.3769271 43.45
N18A N18 1 1 2596.83810914 30085.3315136 42.238
N18B N18 1 2 2511.05299033 30393.8261706 42.286
N18C N18 2 3 2643.54580926 30264.4945699 44.776
N18D N18 1 4 2821.50982261 30314.2935654 42.266
N19A N19 1 1 2384.91531612 30846.6874487 41.935
N19B N19 1 2 2299.33370609 31154.8235193 41.98
N19C N19 2 3 2431.79973392 31025.588263 44.468
N19D N19 1 4 2610.25628915 31075.1090454 41.883
O3A O3 1 1 4974.07980362 18535.0860294 56.138
O3B O3 1 2 5060.16992658 18226.9875699 56.21
O3C O3 2 3 4927.3721035 18355.9229731 58.761
O3D O3 1 4 4749.08144589 18306.5521172 56.236
O4A O4 1 1 4848.13481814 18988.0008896 54.007
O4B O4 1 2 4537.43171492 19067.6726014 53.972
O4C O4 2 3 4715.5296838 19116.989875 56.44
O4D O4 1 4 4762.36051939 19296.0833781 53.936
O5A O5 1 1 4550.75355057 20057.423342 51.224
O5B O5 1 2 4636.48508717 19749.1213738 53.212
O5C O5 2 3 4504.62391664 19878.4210324 55.683
O5D O5 1 4 4325.87832831 19828.8198766 53.145
O6A O6 1 1 4424.65863851 20510.5040999 51.276
O6B O6 1 2 4114.07867076 20590.1062584 51.282
O6C O6 2 3 4292.31574616 20639.669803 55.08
O6D O6 1 4 4339.15740181 20818.3511375 51.268
O7A O7 1 1 4127.42729752 21579.7606547 51.86
O7B O7 1 2 4213.18562522 21271.3623421 51.81
O7C O7 2 3 4080.7463885 21400.501254 54.404
O7D O7 1 4 3902.5093131 21350.9377094 51.834
O8A O8 1 1 4001.55186529 22032.7986504 49.917
O8B O8 1 2 3690.70965555 22112.2240912 49.957
O8C O8 2 3 3868.98434211 22161.2791228 52.475
O8D O8 1 4 3915.69204223 22340.4421792 50.022
O9A O9 1 1 3655.87705513 23275.5178245 48.846
O9B O9 1 2 3741.60859172 22967.2158562 48.81
O9C O9 2 3 3609.33525263 23096.5046947 51.324
O9D O9 1 4 3431.00183286 23046.914359 48.769
O10A O10 1 1 3530.02326301 23727.7314831 48.289
O10B O10 1 2 3219.25575752 23808.0080521 48.354
O10C O10 2 3 3397.59999734 23857.1862192 50.863
O10D O10 1 4 3444.27008631 24036.8577885 48.328
O11A O11 1 1 3090.61152679 25308.2875833 46.115
O11B O11 1 2 3176.21992792 25000.0551683 48.014
O11C O11 2 3 3044.15009761 25128.9854205 50.518
O11D O11 1 4 2865.47406254 25079.5074002 48.04
O12A O12 1 1 2964.93960336 25760.9669927 46.709
O12B O12 1 2 2653.77074936 25840.8205731 46.601
O12C O12 2 3 2831.9650626 25890.1646378 49.215
O12D O12 1 4 2879.1385135 26069.1458255 46.703
O13A O13 1 1 2667.48878252 26830.2663096 45.878
O13B O13 1 2 2752.97404818 26522.1034479 44.014
O13C O13 2 3 2620.45443815 26651.5313929 48.421
O13D O13 1 4 2442.46363369 26601.8287418 45.913
O14A O14 1 1 2541.42066157 27283.2507231 43.122
O14B O14 1 2 2230.78711161 27363.0455703 45.021
O14C O14 2 3 2408.6815717 27412.7214303 47.579
O14D O14 1 4 2455.46964514 27591.5954535 43.174
O15A O15 1 1 2244.09297621 28352.4804868 41.899
O15B O15 1 2 2329.59421292 28044.6334493 43.719
O15C O15 2 3 2197.30490277 28173.6064636 46.29
O15D O15 1 4 2017.16773118 28123.4107525 43.722
O16A O16 1 1 2118.09440852 28805.5880358 42.958
O16B O16 1 2 1807.4448875 28885.0670588 43.028
O16C O16 2 3 1985.50524522 28934.8928453 45.5
O16D O16 1 4 2033.27788435 29115.0785966 41.175
O17A O17 1 1 1820.73993205 29874.9141438 40.954
O17B O17 1 2 1906.49825975 29566.5158312 42.363
O17C O17 2 3 1774.25171176 29695.7083253 44.846
O17D O17 1 4 1595.52209448 29646.4229938 42.335
O18A O18 1 1 1694.84852878 30327.6363153 41.132
O18B O18 1 2 1383.92594572 30407.3507892 39.843
O18C O18 2 3 1562.38250095 30456.8715716 43.62
O18D O18 1 4 1608.96706561 30636.1041812 39.14
O19A O19 1 1 1483.22558891 31088.6604551 38.391
O19B O19 1 2 1172.12628817 31168.637171 40.305
O19C O19 2 3 1350.60963451 31218.061609 42.816
O19D O19 1 4 1397.46726121 31397.0587677 40.306
P2A P2 1 1 4241.6819018 17921.5395166 53.991
P2B P2 1 2 4552.30463171 17842.156838 54.045
P2C P2 2 3 4374.22830294 17792.0152272 57.894
P2D P2 1 4 4327.46702061 17613.0448596 54.041
P3A P3 1 1 4115.76370742 18374.3580324 52.647
P3B P3 1 2 4030.03217083 18682.6600007 52.622
P3C P3 2 3 4162.49819865 18553.4247444 56.386
P3D P3 1 4 4340.76206516 18602.8919446 52.699
P4A P4 1 1 3818.43602206 19443.5877961 51.983
P4B P4 1 2 4129.13912529 19363.9160844 50.119
P4C P4 2 3 3950.92884099 19314.2561954 54.567
P4D P4 1 4 3904.08718534 19135.574861 50.787
P5A P5 1 1 3692.43745437 19896.6953451 50.249
P5B P5 1 2 3606.81308219 20204.6119359 50.307
P5C P5 2 3 3739.1719456 20075.762057 54.053
P5D P5 1 4 3917.4358121 20125.2292573 51.457
P6A P6 1 1 3395.02939569 20966.2141419 49.318
P6B P6 1 2 3704.87621969 20885.8891416 49.341
P6C P6 2 3 3527.54900573 20836.7861968 53.134
P6D P6 1 4 3480.8145145 20657.7194849 50.616
P7A P7 1 1 3268.12096656 21418.8610911 49.89
P7B P7 1 2 3183.43324693 21727.1419373 49.847
P7C P7 2 3 3316.02241022 21597.8371277 52.392
P7D P7 1 4 3494.21672347 21647.1811925 49.785
P8A P8 1 1 2923.69863314 22661.9285495 49.742
P8B P8 1 2 3234.19307658 22581.8874314 49.66
P8C P8 2 3 3055.73652135 22532.3666489 52.204
P8D P8 1 4 3009.00203012 22353.299937 49.722
P9A P9 1 1 2787.93734247 23111.6985485 48.927
P9B P9 1 2 2711.84024238 23422.6796272 48.902
P9C P9 2 3 2844.44537673 23293.6906419 51.454
P9D P9 1 4 3022.47379235 23342.88478 48.919
P10A P10 1 1 2585.79891254 23875.5676964 48.814
P10B P10 1 2 2500.42596229 24184.0731734 48.82
P10C P10 2 3 2633.13826106 24054.6988106 51.301
P10D P10 1 4 2810.74368806 24104.2942973 48.831
P11A P11 1 1 2146.76740278 25455.5029683 45.168
P11B P11 1 2 2457.40095274 25375.7081211 47.131
P11C P11 2 3 2278.93357745 25326.5995072 49.586
P11D P11 1 4 2232.25266844 25147.3401065 47.064
P12A P12 1 1 2020.8224173 25908.4178285 44.457
P12B P12 1 2 1935.26759838 26216.4575548 46.413
P12C P12 2 3 2067.33742869 26087.5273026 48.927
P12D P12 1 4 2245.76719282 26137.1444294 46.494
P13A P13 1 1 1723.34480536 26977.8134898 45.577
P13B P13 1 2 2033.85521985 26898.0881959 43.744
P13C P13 2 3 1855.44142677 26848.7868933 48.16
P13D P13 1 4 1809.04955085 26669.6078659 45.659
P14A P14 1 1 1597.30347551 27430.701559 42.545
P14B P14 1 2 1511.57193892 27739.0035272 42.71
P14C P14 2 3 1644.1343111 27609.795062 47.039
P14D P14 1 4 1822.24825103 27659.4281599 44.477
P15A P15 1 1 1300.07213452 28499.9581137 41.805
P15B P15 1 2 1610.87158211 28420.3131931 41.729
P15C P15 2 3 1432.53816234 28370.7228574 46.255
P15D P15 1 4 1385.77688001 28191.7524898 43.723
P16A P16 1 1 1174.00401356 28952.9425272 41.436
P16B P16 1 2 1088.56151006 29261.3248688 41.425
P16C P16 2 3 1220.71171369 29132.1055836 45.858
P16D P16 1 4 1398.87923583 29181.5459927 43.324
P17A P17 1 1 876.869016933 30022.2258731 40.295
P17B P17 1 2 1187.20271375 29942.7628212 42.079
P17C P17 2 3 1009.21190929 29893.0601701 44.685
P17D P17 1 4 962.300700379 29714.2557001 42.229
P18A P18 1 1 750.827687085 30475.1139423 39.605
P18B P18 1 2 664.973015018 30783.4854638 41.534
P18C P18 2 3 797.342698477 30654.2234164 44.01
P18D P18 1 4 975.552982771 30703.8833053 41.468
Q2A Q2 1 1 3361.24834106 18086.6992729 54.46
Q2B Q2 1 2 3446.97987766 17778.3973047 54.464
Q2C Q2 2 3 3314.51384983 17907.632561 58.21
Q2D Q2 1 4 3136.30356554 17857.972672 54.502
Q3A Q3 1 1 3149.54502788 18848.0124458 52.648
Q3B Q3 1 2 3235.33014668 18539.5177888 52.912
Q3C Q3 2 3 3102.86411886 18668.7530451 56.629
Q3D Q3 1 4 2924.53069909 18619.1627094 52.92
Q4A Q4 1 1 3023.70720681 19300.5419286 51.527
Q4B Q4 1 2 2713.25037453 19380.0745338 51.506
Q4C Q4 2 3 2891.21438789 19429.8735293 55.269
Q4D Q4 1 4 2937.85253475 19608.9134501 51.49
Q5A Q5 1 1 2726.24556593 20370.2534141 50.802
Q5B Q5 1 2 2811.97710252 20061.9514458 50.94
Q5C Q5 2 3 2679.68779238 20190.9244601 54.651
Q5D Q5 1 4 2502.98655776 20142.9297346 50.74
Q6A Q6 1 1 2600.32737155 20823.07193 49.885
Q6B Q6 1 2 2289.65105943 20902.6472973 49.884
Q6C Q6 2 3 2468.16119688 20951.975391 53.628
Q6D Q6 1 4 2514.74576153 21131.2080006 49.889
Q7A Q7 1 1 2254.77569685 22065.7215508 49.98
Q7B Q7 1 2 2340.45365124 21757.6122713 48.683
Q7C Q7 2 3 2207.86448795 21886.9170808 52.401
Q7D Q7 1 4 2029.9540568 21836.9253966 48.65
Q8A Q8 1 1 2128.85750248 22518.5400667 48.344
Q8B Q8 1 2 1817.95089047 22598.5703647 48.399
Q8C Q8 2 3 1996.25751913 22648.2570448 52.231
Q8D Q8 1 4 2045.05285318 22827.377857 49.521
Q9A Q9 1 1 1831.52981711 23587.7698303 47.037
Q9B Q9 1 2 1917.2077715 23279.6605508 49.005
Q9C Q9 2 3 1784.76853478 23408.7994628 51.499
Q9D Q9 1 4 1606.65459485 23359.1663649 47.746
Q10A Q10 1 1 1705.61162274 24040.5883462 46.992
Q10B Q10 1 2 1394.90851951 24120.2600579 46.756
Q10C Q10 2 3 1572.7442464 24169.4006139 50.587
Q10D Q10 1 4 1619.73015956 24349.0562121 46.841
Q11A Q11 1 1 1266.4033953 25620.7858601 44.664
Q11B Q11 1 2 1351.8191077 25312.4998629 46.577
Q11C Q11 2 3 1219.57255971 25441.6923571 49.069
Q11D Q11 1 4 1041.21234884 25392.1983657 46.53
Q12A Q12 1 1 1140.14258562 26073.7166914 44.407
Q12B Q12 1 2 829.316346923 26153.4579564 46.305
Q12C Q12 2 3 1007.79969326 26202.8823945 48.835
Q12D Q12 1 4 1054.68411107 26381.7832088 46.256
Q13A Q13 1 1 842.814900256 27142.9464551 43.325
Q13B Q13 1 2 928.492854643 26834.8371756 45.253
Q13C Q13 2 3 796.000035714 26964.1687762 47.744
Q13D Q13 1 4 617.789751419 26914.5088873 45.261
Q14A Q14 1 1 717.019841349 27595.6954177 44.635
Q14B Q14 1 2 406.386291385 27675.4902649 44.562
Q14C Q14 2 3 584.52702242 27725.0270184 47.065
Q14D Q14 1 4 630.988451601 27904.3291812 44.545
Q15A Q15 1 1 419.584991567 28665.3105588 43.645
Q15B Q15 1 2 505.220183799 28356.9817995 43.713
Q15C Q15 2 3 372.631020505 28486.286609 46.219
Q15D Q15 1 4 194.49028947 28436.7498556 44.0645
Q16A Q16 1 1 293.816723765 29117.9631771 40.802
Q16B Q16 1 2 -17.1058592941 29197.677651 42.73
Q16C Q16 2 3 161.281142681 29247.0752979 45.238
Q16D Q16 1 4 207.962051698 29426.3346986 40.79
Q17A Q17 1 1 -3.81081474702 30187.524736 41.816
Q17B Q17 1 2 82.0170662153 29879.2495589 41.839
Q17C Q17 2 3 -50.4489616087 30008.4848152 44.372
Q17D Q17 1 4 -228.659245904 29958.8249262 41.822
Q18A Q18 1 1 -129.852144595 30640.4128052 41.028
Q18B Q18 1 2 -440.335767983 30720.0417547 41.036
Q18C Q18 2 3 -262.221828054 30769.6748526 43.537
Q18D Q18 1 4 -215.583681192 30948.7147734 41.009
R2A R2 1 1 2416.98122843 18234.3160064 53.225
R2B R2 1 2 2728.10732027 18154.2429462 53.231
R2C R2 2 3 2549.87024487 18104.6794016 57.106
R2D R2 1 4 2502.95903597 17925.8749316 53.294
R3A R3 1 1 2291.45923157 18686.8295181 51.958
R3B R3 1 2 2205.6313506 18995.1046953 51.934
R3C R3 2 3 2338.04379622 18866.0621277 55.716
R3D R3 1 4 2516.25408051 18915.7220167 51.951
R4A R4 1 1 1994.79513671 19756.6589881 51.185
R4B R4 1 2 2300.50945499 19676.6379559 52.506
R4C R4 2 3 2122.72215931 19626.5767184 55.001
R4D R4 1 4 2077.24529583 19448.5862836 52.469
R5A R5 1 1 1864.61666822 20207.2548784 50.55
R5B R5 1 2 1778.39774074 20516.5630525 50.53
R5C R5 2 3 1912.06833216 20386.7286079 54.293
R5D R5 1 4 2089.82316766 20438.0263511 50.551
R6A R6 1 1 1521.13046928 21452.5547464 50.752
R6B R6 1 2 1827.80874928 21370.9334711 50.153
R6C R6 2 3 1652.15184969 21321.0494694 53.926
R6D R6 1 4 1603.45286 21141.9554482 50.122
R7A R7 1 1 1390.67893875 21903.3860875 49.696
R7B R7 1 2 1305.82532149 22211.5170072 49.717
R7C R7 2 3 1442.04311049 22084.4667653 53.482
R7D R7 1 4 1617.7113482 22132.0704444 49.601
R8A R8 1 1 1095.35955014 22969.126332 48.991
R8B R8 1 2 1407.93492232 22893.9194393 48.888
R8C R8 2 3 1229.37687172 22843.643873 52.817
R8D R8 1 4 1182.1014074 22665.7760556 50.263
R9A R9 1 1 968.610313433 23426.7996773 48.146
R9B R9 1 2 885.528505909 23734.9043239 48.181
R9C R9 2 3 1016.35152853 23604.4856261 51.937
R9D R9 1 4 1195.18779217 23655.2537342 48.196
R10A R10 1 1 761.590781044 24188.0659732 48.158
R10B R10 1 2 675.939617762 24496.0789083 48.13
R10C R10 2 3 808.228927906 24367.105894 51.831
R10D R10 1 4 986.873020877 24415.9522659 47.455
R11A R11 1 1 322.189864878 25768.2099049 45.868
R11B R11 1 2 632.796623737 25688.511402 47.147
R11C R11 2 3 454.586339442 25638.8515131 49.645
R11D R11 1 4 408.0872991 25460.0578632 47.083
R12A R12 1 1 196.105772875 26220.8784942 44.829
R12B R12 1 2 110.320654068 26529.3731512 46.046
R12C R12 2 3 243.102506092 26400.1219238 48.629
R12D R12 1 4 421.382343647 26449.9049482 44.178
R13A R13 1 1 -101.109597071 27290.4508731 44.225
R13B R13 1 2 209.689850518 27210.8059525 44.243
R13C R13 2 3 31.1905331277 27161.0656903 48.061
R13D R13 1 4 -15.2121628491 26982.2988315 44.174
R14A R14 1 1 -227.193689074 27743.1194624 43.112
R14B R14 1 2 -312.952016776 28051.5177751 42.489
R14C R14 2 3 -180.582333317 27922.2557277 46.886
R14D R14 1 4 -2.27570465716 27971.9424077 43.157
R15A R15 1 1 -524.47861228 28812.568706 41.85
R15B R15 1 2 -213.705955796 28733.0201297 43.774
R15C R15 2 3 -391.900269042 28683.676065 46.396
R15D R15 1 4 -438.538415903 28504.6361441 41.9
R16A R16 1 1 -650.161355773 29265.6602839 41.356
R16B R16 1 2 -735.866101265 29573.8659078 41.268
R16C R16 2 3 -603.758659796 29444.4271427 45.067
R16D R16 1 4 -425.243371356 29494.4832292 41.346
R17A R17 1 1 -861.961013323 30026.9466656 41.11
R17B R17 1 2 -947.708520969 30334.9328097 41.197
R17C R17 2 3 -815.269284251 30205.7938978 41.321
R17D R17 1 4 -637.058999956 30255.4537867 41.045
S2A S2 1 1 1536.64401205 18399.5025539 53.0
S2B S2 1 2 1622.55226633 18090.9383436 52.893
S2C S2 2 3 1490.0594474 18220.2699443 56.728
S2D S2 1 4 1311.60289217 18170.7491619 52.932
S3A S3 1 1 1325.14420765 19160.4571404 52.283
S3B S3 1 2 1410.75260878 18852.2247254 53.596
S3C S3 2 3 1278.559643 18981.2245308 56.061
S3D S3 1 4 1100.02271445 18931.9927815 53.514
S4A S4 1 1 1199.10287781 19613.3452095 51.328
S4B S4 1 2 888.576492264 19692.7546793 51.299
S4C S4 2 3 1066.93670313 19742.2486706 55.098
S4D S4 1 4 1113.3445501 19921.7435222 51.298
S5A S5 1 1 853.647547475 20856.0216215 49.442
S5B S5 1 2 939.325501862 20547.9123419 49.462
S5C S5 2 3 806.939847353 20676.8585651 53.254
S5D S5 1 4 628.622398638 20627.5840536 49.431
S6A S6 1 1 727.659799838 21308.7170019 48.566
S6B S6 1 2 417.122594239 21388.5386402 48.62
S6C S6 2 3 595.290116379 21437.9790493 52.364
S6D S6 1 4 641.82109882 21617.4043476 48.476
S7A S7 1 1 430.240921105 22378.6479672 48.035
S7B S7 1 2 515.940515603 22069.7143505 48.049
S7C S7 2 3 383.586803194 22199.2922222 51.806
S7D S7 1 4 205.472863264 22149.6591243 47.995
S8A S8 1 1 304.537055569 22830.6957282 47.561
S8B S8 1 2 -6.353585391 22911.0418504 47.499
S8C S8 2 3 171.963863325 22960.3163619 51.317
S8D S8 1 4 218.698354551 23139.3830739 48.848
S9A S9 1 1 7.17175904708 23900.4340048 46.5
S9B S9 1 2 92.6997868585 23592.4906229 46.439
S9C S9 2 3 -39.782212015 23721.410055 50.262
S9D S9 1 4 -217.773016475 23671.7074038 46.396
S10A S10 1 1 -118.912332955 24353.1025941 45.76
S10B S10 1 2 -429.7226006 24433.1596832 45.69
S10C S10 2 3 -251.319627575 24482.8731544 49.532
S10D S10 1 4 -204.585136348 24661.9398664 45.151
S11A S11 1 1 -558.393622437 25933.5355589 44.107
S11B S11 1 2 -472.249917274 25625.2444107 46.541
S11C S11 2 3 -604.839080568 25754.5492202 49.109
S11D S11 1 4 -783.215262488 25704.7394047 46.527
S12A S12 1 1 -683.969201509 26386.2417593 43.886
S12B S12 1 2 -994.864993463 26465.8598888 44.515
S12C S12 2 3 -816.751053533 26515.4929867 48.332
S12D S12 1 4 -769.866635731 26694.393801 45.768
S13A S13 1 1 -981.666293281 27455.6801828 43.547
S13B S13 1 2 -895.961547789 27147.4745589 43.619
S13C S13 2 3 -1028.3739934 27276.5171265 47.364
S13D S13 1 4 -1206.44517118 27227.1035084 43.61
S14A S14 1 1 -1107.53090545 27908.3060099 44.046
S14B S14 1 2 -1418.12169326 27988.3203369 43.965
S14C S14 2 3 -1241.05157029 28037.9745568 46.453
S14D S14 1 4 -1193.28923315 28216.7043225 42.719
S15A S15 1 1 -1404.96575523 28977.9211511 41.46
S15B S15 1 2 -1318.90242338 28669.9190359 41.341
S15C S15 2 3 -1451.50755773 28798.9080213 45.161
S15D S15 1 4 -1629.74463313 28749.3444767 41.379
S16A S16 1 1 -1530.52536325 29430.9431757 41.086
S16B S16 1 2 -1841.49070847 29510.4381697 40.452
S16C S16 2 3 -1663.18407981 29560.1248498 44.295
S16D S16 1 4 -1616.5886951 29738.9452908 41.8
S17A S17 1 1 -1742.48009837 30191.6674623 40.09
S17B S17 1 2 -2053.27954596 30271.3123829 39.969
S17C S17 2 3 -1874.71067531 30321.1757807 43.815
S17D S17 1 4 -1828.36156154 30500.1353282 40.013
T2A T2 1 1 592.965785667 18546.8678654 53.346
T2B T2 1 2 903.529782371 18466.9498828 51.809
T2C T2 2 3 725.581740066 18417.4667115 55.551
T2D T2 1 4 678.188809333 18238.528286 53.104
T3A T3 1 1 466.662213829 18999.5792169 51.115
T3B T3 1 2 381.246501432 19307.8652141 51.098
T3C T3 2 3 513.519840526 19178.5763756 54.896
T3D T3 1 4 692.045949021 19228.2202935 51.209
T4A T4 1 1 121.083748027 20242.3251821 50.126
T4B T4 1 2 431.786851251 20162.6534703 50.077
T4C T4 2 3 253.522984745 20113.1862701 53.919
T4D T4 1 4 207.227453189 19934.0340338 50.172
T5A T5 1 1 -4.86123745585 20695.2400423 50.445
T5B T5 1 2 -90.2073965928 21003.649175 48.469
T5C T5 2 3 42.0659425011 20874.3603365 52.852
T5D T5 1 4 220.013466738 20925.7116618 48.618
T6A T6 1 1 -302.130189613 21765.00511 48.046
T6B T6 1 2 8.59970471619 21685.2370539 50.033
T6C T6 2 3 -169.626550628 21635.2613408 52.479
T6D T6 1 4 -216.26469749 21456.2214199 48.087
T7A T7 1 1 -427.99480178 22217.6309372 47.474
T7B T7 1 2 -513.753129482 22526.0292498 49.298
T7C T7 2 3 -381.045981712 22395.9268942 51.859
T7D T7 1 4 -203.039206203 22445.9453695 47.489
T8A T8 1 1 -725.402860457 23287.1497339 46.35
T8B T8 1 2 -414.726548338 23207.5743666 46.36
T8C T8 2 3 -592.979594788 23157.6949978 50.111
T8D T8 1 4 -639.328708554 22978.7354502 46.45
T9A T9 1 1 -851.213890413 23739.5828723 45.451
T9B T9 1 2 -937.014980271 24047.7617051 45.346
T9C T9 2 3 -804.532981397 23918.842273 49.258
T9D T9 1 4 -626.338668152 23968.1863378 45.509
T10A T10 1 1 -1063.08310122 24500.7461186 45.183
T10B T10 1 2 -1148.52560473 24809.1284602 45.139
T10C T10 2 3 -1016.12913016 24679.7700684 48.96
T10D T10 1 4 -837.999219182 24729.7189905 45.143
T11A T11 1 1 -1502.52677954 26080.6705705 43.794
T11B T11 1 2 -1191.6577787 26001.1487854 43.86
T11C T11 2 3 -1369.9216452 25951.6815851 48.316
T11D T11 1 4 -1416.84882516 25772.561291 45.868
T12A T12 1 1 -1628.3058674 26533.7353573 44.368
T12B T12 1 2 -1714.01061289 26841.9409812 43.762
T12C T12 2 3 -1581.54458507 26712.7057249 47.556
T12D T12 1 4 -1403.1843742 26762.1997162 44.991
T13A T13 1 1 -1925.52123735 27603.3077363 44.352
T13B T13 1 2 -1614.81813412 27523.6360246 43.089
T13C T13 2 3 -1792.93207405 27474.0029267 46.922
T13D T13 1 4 -1839.63977418 27294.8398704 44.347
T14A T14 1 1 -2051.50898499 28056.0031167 43.514
T14B T14 1 2 -2137.3796281 28364.058814 40.94
T14C T14 2 3 -2004.58180503 28235.1234109 46.006
T14D T14 1 4 -1826.51062725 28284.5370289 43.486
T15A T15 1 1 -2348.72435493 29125.5754957 40.432
T15B T15 1 2 -2037.9944606 29045.8074396 42.388
T15C T15 2 3 -2216.59012236 28996.0403862 44.895
T15D T15 1 4 -2263.18550707 28817.2199452 42.301
T16A T16 1 1 -2474.64254931 29578.3940116 40.729
T16B T16 1 2 -2560.53998353 29886.5460532 40.725
T16C T16 2 3 -2428.21306223 29757.064526 44.468
T16D T16 1 4 -2249.83688031 29806.8743415 42.003
U2A U2 1 1 -287.440983967 18711.9312774 50.229
U2B U2 1 2 -201.70944737 18403.6293092 50.912
U2C U2 2 3 -334.368163924 18532.8109833 54.657
U2D U2 1 4 -512.358968384 18483.1083321 50.888
U3A U3 1 1 -547.657319583 19646.5839341 50.504
U3B U3 1 2 -461.679512046 19338.1428593 50.476
U3C U3 2 3 -594.3382286 19467.3245334 54.261
U3D U3 1 4 -773.309483895 19420.7744553 50.527
U4A U4 1 1 -673.495140645 20099.1134169 50.266
U4B U4 1 2 -984.348170445 20178.9510262 50.165
U4C U4 2 3 -805.704077473 20227.7973981 54.054
U4D U4 1 4 -759.376603818 20407.5812828 50.323
U5A U5 1 1 -970.683719487 21168.5894515 49.226
U5B U5 1 2 -884.855838524 20860.3142744 49.169
U5C U5 2 3 -1017.41821071 20989.5227396 53.648
U5D U5 1 4 -1196.05148363 20940.2641991 51.051
U6A U6 1 1 -1096.5323606 21621.5311029 48.847
U6B U6 1 2 -1407.45494366 21701.2455767 48.0
U6C U6 2 3 -1228.97159732 21750.6700148 52.536
U6D U6 1 4 -1182.5529303 21929.7526978 50.057
U7A U7 1 1 -1393.81728381 22690.9803464 46.635
U7B U7 1 2 -1308.59426014 22382.6407669 48.543
U7C U7 2 3 -1440.9639436 22511.9028144 51.071
U7D U7 1 4 -1619.07788353 22462.2697165 46.642
U8A U8 1 1 -1520.05130239 23143.8148333 46.348
U8B U8 1 2 -1830.53492578 23223.4437829 46.266
U8C U8 2 3 -1652.29785038 23273.0073275 50.098
U8D U8 1 4 -1605.56335915 23452.0740394 47.549
U9A U9 1 1 -1817.62525869 24213.1837035 46.104
U9B U9 1 2 -1731.70103336 23904.9353174 46.06
U9C U9 2 3 -1864.16706119 24034.1705737 49.813
U9D U9 1 4 -2042.40928758 23983.8790364 46.032
U10A U10 1 1 -1943.4471087 24666.0290105 45.328
U10B U10 1 2 -2254.15021193 24745.7007222 45.412
U10C U10 2 3 -2076.16455846 24794.6753805 49.176
U10D U10 1 4 -2028.93237436 24974.1918722 45.434
U11A U11 1 1 -2382.55899177 26246.2533155 44.448
U11B U11 1 2 -2296.80066407 25937.8550029 45.701
U11C U11 2 3 -2429.33624516 26066.9671237 48.217
U11D U11 1 4 -2607.73921818 26017.2536525 45.687
U12A U12 1 1 -2508.42360394 26698.8791426 43.936
U12B U12 1 2 -2819.46932247 26778.6631698 44.439
U12C U12 2 3 -2641.03955834 26828.2802966 47.658
U12D U12 1 4 -2594.20872275 27007.3737996 43.173
U13A U13 1 1 -2805.95479809 27768.4674927 42.286
U13B U13 1 2 -2720.12691713 27460.1923155 44.435
U13C U13 2 3 -2852.75884257 27589.2776452 46.938
U13D U13 1 4 -3031.06547123 27539.5909652 44.515
U14A U14 1 1 -2931.87299247 28221.2860085 41.578
U14B U14 1 2 -3242.71520221 28300.7114493 43.566
U14C U14 2 3 -3064.26946703 28350.6444003 46.008
U14D U14 1 4 -3017.83997995 28529.3149148 42.235
U15A U15 1 1 -3229.28105114 29290.8048053 41.206
U15B U15 1 2 -3143.68862106 28982.2565661 41.859
U15C U15 2 3 -3276.10106668 29111.2991337 45.651
U15D U15 1 4 -3454.22582666 29062.0782044 43.217
U16A U16 1 1 -3355.54701182 29743.0076438 42.578
U16B U16 1 2 -3666.18056178 29822.802491 42.522
U16C U16 2 3 -3486.96407168 29872.9497709 45.033
U16D U16 1 4 -3439.47479658 30051.9149875 42.424
V1A V1 1 1 -1020.10112778 18098.2080469 52.073
V1B V1 1 2 -709.301680192 18018.5631263 52.151
V1C V1 2 3 -887.442411226 17969.0263728 54.634
V1D V1 1 4 -934.273246818 17789.9328698 52.162
V2A V2 1 1 -1194.39323807 18724.6123176 51.203
V2B V2 1 2 -1279.87850373 19032.7751793 51.115
V2C V2 2 3 -1147.19299607 18903.4971608 53.631
V2D V2 1 4 -968.859576302 18953.0874965 51.245
V3A V3 1 1 -1491.45868144 19794.0187989 50.553
V3B V3 1 2 -1181.01782021 19714.1703695 50.793
V3C V3 2 3 -1358.86951815 19664.7139893 53.25
V3D V3 1 4 -1405.72714484 19485.7168306 50.551
V4A V4 1 1 -1617.28053145 20246.8641059 49.982
V4B V4 1 2 -1703.20475678 20555.1124919 50.283
V4C V4 2 3 -1570.71193785 20425.7808913 52.772
V4D V4 1 4 -1392.50165356 20475.4407802 48.451
V5A V5 1 1 -1914.31918372 21316.1742429 50.481
V5B V5 1 2 -1604.2477289 21236.5344733 49.877
V5C V5 2 3 -1782.29211557 21187.0245109 52.332
V5D V5 1 4 -1828.7375737 21008.0381722 49.862
V6A V6 1 1 -2040.67633777 21769.0782831 48.817
V6B V6 1 2 -2126.60056309 22077.3266691 48.829
V6C V6 2 3 -1993.94184654 21948.144995 51.339
V6D V6 1 4 -1816.18649297 21997.5745841 48.871
V7A V7 1 1 -2338.34663843 22838.4203622 47.722
V7B V7 1 2 -2027.64353521 22758.7486504 47.789
V7C V7 2 3 -2205.78426625 22709.211897 50.432
V7D V7 1 4 -2252.22972438 22530.2255583 47.834
V8A V8 1 1 -2464.07214408 23291.2924602 46.689
V8B V8 1 2 -2549.90002504 23599.5676374 46.762
V8C V8 2 3 -2417.72303031 23470.2520078 49.328
V8D V8 1 4 -2239.10057745 23519.9227168 46.694
V9A V9 1 1 -2761.45341165 24360.7149126 46.56
V9B V9 1 2 -2451.03934152 24280.9628276 46.55
V9C V9 2 3 -2629.08372819 24231.4528652 49.076
V9D V9 1 4 -2675.72187506 24052.4129444 46.539
V10A V10 1 1 -2887.37160603 24813.5334285 46.248
V10B V10 1 2 -2973.12993373 25121.9317412 46.19
V10C V10 2 3 -2840.6371148 24992.6001405 48.778
V10D V10 1 4 -2662.49638377 25042.136894 46.222
V11A V11 1 1 -3326.81528435 26393.4578804 45.486
V11B V11 1 2 -3016.04262787 26313.9093041 45.483
V11C V11 2 3 -3194.472392 26264.2921773 48.047
V11D V11 1 4 -3240.84829687 26085.4289742 45.466
V12A V12 1 1 -3452.5675811 26846.4263228 44.508
V12B V12 1 2 -3538.46501533 27154.5783645 44.546
V12C V12 2 3 -3406.09533187 27025.3163171 47.025
V12D V12 1 4 -3227.78870321 27075.0029972 44.539
V13A V13 1 1 -3750.14153741 27915.795193 43.6
V13B V13 1 2 -3439.43843418 27836.1234813 43.516
V13C V13 2 3 -3617.67550958 27786.5599367 46.056
V13D V13 1 4 -3664.23843412 27606.50299 43.605
V14A V14 1 1 -3876.05973178 28368.6137089 43.126
V14B V14 1 2 -3961.72171512 28677.0388126 43.161
V14C V14 2 3 -3829.22889619 28547.707212 45.709
V14D V14 1 4 -3650.99182079 28597.2707566 43.132
V15A V15 1 1 -4087.72543381 29129.4183689 42.564
V15B V15 1 2 -4173.44099935 29438.0361613 42.543
V15C V15 2 3 -4040.93220938 29309.0203848 45.129
V15D V15 1 4 -3862.73789613 29358.3644496 42.54
W2A W2 1 1 -2074.70366334 18889.7025207 49.77
W2B W2 1 2 -2385.50311093 18969.3474413 48.39
W2C W2 2 3 -2207.0733468 19018.9645681 52.27
W2D W2 1 4 -2160.24251121 19198.0580711 49.7
W3A W3 1 1 -2371.98858655 19959.1517642 48.78
W3B W3 1 2 -2286.18749669 19650.9729314 48.86
W3C W3 2 3 -2418.84621324 19780.1546055 51.42
W3D W3 1 4 -2597.1260508 19730.371581 48.75
W4A W4 1 1 -2497.71409219 20412.0238623 48.86
W4B W4 1 2 -2808.89891724 20491.5616184 47.58
W4C W4 2 3 -2630.18012002 20541.2591186 51.39
W4D W4 1 4 -2584.21638371 20720.1115017 48.87
W5A W5 1 1 -2795.06856866 21481.3499703 48.21
W5B W5 1 2 -2709.33703206 21173.048002 48.21
W5C W5 2 3 -2842.31157282 21302.2456472 50.69
W5D W5 1 4 -3019.94379092 21252.7465049 48.17
W6A W6 1 1 -2921.27579613 21934.0881129 47.47
W6B W6 1 2 -3231.620313 22013.9633334 47.38
W6C W6 2 3 -3053.81137722 22063.2002337 49.99
W6D W6 1 4 -3006.74509074 22242.5667988 47.5
W7A W7 1 1 -3218.6570637 23003.5105653 46.73
W7B W7 1 2 -3132.75962948 22695.3585236 46.881
W7C W7 2 3 -3265.5146904 22824.5134066 49.37
W7D W7 1 4 -3443.4359416 22774.9338909 46.75
W8A W8 1 1 -3344.50570482 23456.4522166 46.38
W8B W8 1 2 -3655.13925478 23536.2470638 46.36
W8C W8 2 3 -3477.06807701 23585.6606818 48.86
W8D W8 1 4 -3429.85186396 23764.8613493 46.42
W9A W9 1 1 -3641.81741913 24525.9978045 46.45
W9B W9 1 2 -3556.22498905 24217.4495653 46.45
W9C W9 2 3 -3689.1727387 24346.5508661 48.95
W9D W9 1 4 -3866.92809228 24297.121277 46.42
W10A W10 1 1 -3767.92830224 24978.7627382 46.02
W10B W10 1 2 -4078.65819657 25058.5307942 46.09
W10C W10 2 3 -3900.34074785 25107.8053057 48.53
W10D W10 1 4 -3853.79894536 25286.8184355 45.95
W11A W11 1 1 -4206.97063205 26559.1101786 44.8675
W11B W11 1 2 -4121.84910374 26250.0158153 44.53
W11C W11 2 3 -4253.92975411 26379.3582361 47.083
W11D W11 1 4 -4432.05451409 26330.1373068 44.48
W12A W12 1 1 -4332.95837969 27011.805559 43.923
W12B W12 1 2 -4643.77379833 27091.1346555 43.966
W12C W12 2 3 -4465.6598584 27140.7677533 46.439
W12D W12 1 4 -4418.82902281 27319.8612564 43.967
W13A W13 1 1 -4630.6178603 28080.7354696 43.096
W13B W13 1 2 -4533.96122185 27734.2651617 43.121
W13C W13 2 3 -4677.04734738 27902.0649551 45.68
W13D W13 1 4 -4855.21486952 27852.624546 43.089
W14A W14 1 1 -4756.23620153 28533.2221902 42.6
W14B W14 1 2 -5067.12684249 28613.5683125 42.211
W14C W14 2 3 -4888.86297598 28663.0355127 45.159
W14D W14 1 4 -4842.10169365 28842.0058803 42.595
X1A X1 1 1 -2892.73675739 18584.4847672 51.783
X1B X1 1 2 -2582.37626948 18504.9253709 51.861
X1C X1 2 3 -2760.16356515 18454.8641334 54.382
X1D X1 1 4 -2807.07477406 18276.0596635 51.867
X2A X2 1 1 -3018.87443161 19037.3460452 50.07
X2B X2 1 2 -3104.45604163 19345.4821159 50.087
X2C X2 2 3 -2971.9900138 19216.2468596 52.59
X2D X2 1 4 -2793.84928277 19265.7836131 50.079
X3A X3 1 1 -3315.83271056 20106.3671491 49.037
X3B X3 1 2 -3005.67573142 20027.1663392 49.078
X3C X3 2 3 -3183.66653588 19977.4636881 51.615
X3D X3 1 4 -3230.27789164 19798.3274229 49.148
X4A X4 1 1 -3441.77769604 20559.2820094 48.999
X4B X4 1 2 -3528.05535673 20868.0548794 49.015
X4C X4 2 3 -3394.92006934 20738.2791681 51.552
X4D X4 1 4 -3217.07919146 20788.1477168 49.016
X5A X5 1 1 -3739.45881676 21629.036257 48.165
X5B X5 1 2 -3428.60578696 21549.1986477 48.175
X5C X5 2 3 -3606.84286236 21499.6351031 50.725
X5D X5 1 4 -3653.57735359 21320.5683911 48.22
X6A X6 1 1 -3865.41977329 22081.6352931 47.245
X6B X6 1 2 -3951.42437194 22390.1727122 47.236
X6C X6 2 3 -3818.49259334 22260.7555872 49.779
X6D X6 1 4 -3640.15917357 22310.3459229 47.278
X7A X7 1 1 -4162.60835214 23151.1113277 47.037
X7B X7 1 2 -3851.46628924 23071.3540917 47.021
X7C X7 2 3 -4030.04597995 23021.9028625 49.55
X7D X7 1 4 -4076.99995101 22842.8789127 46.998
X8A X8 1 1 -4288.52654651 23603.9298436 46.574
X8B X8 1 2 -4374.45077184 23912.1782296 46.501
X8C X8 2 3 -4241.88839965 23782.9697644 49.095
X8D X8 1 4 -4063.55497989 23832.5601001 46.532
X9A X9 1 1 -4585.71512535 24673.4058782 46.22
X9B X9 1 2 -4275.49374396 24593.6002109 46.22
X9C X9 2 3 -4453.24909753 24544.1706219 48.78
X9D X9 1 4 -4500.6044171 24364.7236834 46.21
X10A X10 1 1 -4712.11504156 25126.0904385 45.18
X10B X10 1 2 -4797.34888528 25434.8421865 45.21
X10C X10 2 3 -4665.02196398 25305.3606593 47.73
X10D X10 1 4 -4486.52264659 25355.1009215 45.19
X11A X11 1 1 -5151.0342359 26706.3683257 44.13
X11B X11 1 2 -4840.28837052 26626.9160939 44.1
X11C X11 2 3 -5018.83045006 26576.9563518 46.66
X11D X11 1 4 -5065.32949041 26398.1627019 42.235
X12A X12 1 1 -5277.02198354 27159.0637062 43.79
X12B X12 1 2 -5362.65717577 27467.3924655 43.75
X12C X12 2 3 -5230.71563192 27337.8037739 46.3
X12D X12 1 4 -5052.00765475 27387.9134425 43.69
X13A X13 1 1 -5574.49959547 28228.4593675 42.84
X13B X13 1 2 -5263.79649225 28148.7876557 42.79
X13C X13 2 3 -5442.17267417 28098.9778402 45.39
X13D X13 1 4 -5488.72529672 27920.376879 42.82
X14A X14 1 1 -5700.25189222 28681.4278099 42.76
X14B X14 1 2 -5786.34201518 28989.5262694 42.7
X14C X14 2 3 -5653.80643409 28860.4141485 45.24
X14D X14 1 4 -5475.44622322 28909.9081399 42.7