E9 1 12779.7189387 21359.5553057 56.548
E10 2 12568.0156255 22120.8684786 55.336
E11 3 12147.2613186 23633.9567322 81.55
E12 4 11936.2375669 24396.1854355 73.09
E13 5 11724.2189476 25155.6464254 65.88
E14 6 11511.7500305 25917.4732622 54.8
E15 7 11300.747919 26678.8776284 43.74
E16 8 11089.7195344 27438.5101849 37.27
E17 9 10876.9883753 28200.160304 31.02
E18 10 10665.9702927 28961.2488461 46.983
E19 11 10405.7379861 29895.5856786 46.576
F7 273 12438.1712869 20034.7197644 58.54
F8 12 12226.6982736 20795.5780065 57.029
F9 13 12014.8450339 21557.057077 56.192
F10 14 11803.2488851 22317.9848724 54.176
F11 15 11382.5321893 23830.5646131 53.86
F12 16 11171.0483559 24591.8350238 52.398
F13 17 10959.398625 25352.955508 51.519
F14 18 10747.6793407 26113.9528566 49.93
F15 19 10536.099163 26875.1964762 49.017
F16 20 10324.449432 27636.3169604 48.528
F17 21 10112.7301478 28397.3143091 47.737
F18 22 9852.2567212 29332.5182408 45.845
F19 23 9641.15311432 30093.1678232 46.342
G6 24 11590.4064179 19388.8848188 56.938
G7 25 11378.3177273 20150.0908273 56.293
G8 26 11166.9142673 20911.0722049 55.613
G9 27 10955.1146097 21672.3585866 55.263
G10 28 10743.4648787 22433.4790708 54.212
G11 29 10323.2139337 23945.8769428 53.778
G12 30 10111.371514 24706.9438447 52.894
G13 31 9899.64140971 25468.3533619 51.863
G14 32 9688.14160531 26229.3079485 51.177
G15 33 9476.49187434 26990.4284326 50.322
G16 34 9264.62266353 27751.5916789 49.038
G17 35 9005.18790289 28686.0464959 45.64
G18 36 8793.1687655 29447.3756398 46.822
G19 37 8581.64217 30208.4265707 46.683
G20 38 8369.89609466 30969.5202637 46.131
H6 39 10825.1471356 19586.2794257 56.477
H7 40 10613.593749 20347.426701 56.308
H8 41 10401.8208826 21108.6167384 55.519
H9 42 10190.540558 21869.5285627 54.63
H10 43 9978.76769156 22630.7186001 53.299
H11 44 9557.9546514 24143.2715497 52.475
H12 45 9346.44402694 24904.6383048 52.121
H13 46 9134.77832492 25665.4429647 51.57
H14 47 8923.1981472 26426.6865843 50.77
H15 48 8711.3825186 27187.6571419 50.133
H16 49 8451.67469592 28122.3474097 48.408
H17 50 8240.02496494 28883.4678939 47.515
H18 51 8028.37523397 29644.588378 47.03
H19 52 7816.55960537 30405.5589356 46.383
I5 53 9977.33950448 18940.2250003 56.808
I6 54 9765.81290898 19701.2759312 56.545
I7 55 9554.10959579 20462.5891041 56.205
I8 56 9342.3794915 21223.9986213 55.007
I9 57 9131.4577533 21985.1139544 53.202
I10 58 8918.94092304 22745.9933186 52.476
I11 59 8498.6096047 24258.6802237 52.116
I12 60 8287.13144041 25018.8104731 50.208
I13 61 8075.18700728 25780.9907453 50.498
I14 62 7863.39816979 26541.8649585 50.15
I15 63 7603.6903471 27476.5552263 48.794
I16 64 7391.94427176 28237.6489194 48.068
I17 65 7180.25177863 28998.5499237 47.323
I18 66 6968.98227412 29759.0495795 46.124
I19 67 6756.99507884 30521.0103718 45.349
I20 68 6545.34534786 31282.1308559 45.292
J5 69 9212.561944 19137.7535627 56.743
J6 70 9000.83183971 19899.16308 56.215
J7 71 8789.23569094 20660.0908754 55.546
J8 72 8577.55916886 21421.3077039 54.596
J9 73 8366.04339341 22181.9464662 54.155
J10 74 8154.34008023 22943.2596391 52.445
J11 75 7733.69293769 24455.9625152 50.487
J12 76 7521.26626467 25219.8769859 49.43
J13 77 7310.20078701 25978.1499013 50.706
J14 78 7051.40282577 26913.3007689 49.125
J15 79 6838.77368009 27673.8375178 48.259
J16 80 6627.41298222 28435.0383753 47.536
J17 81 6415.40466489 29195.9553506 46.801
J18 82 6203.92083154 29957.2257613 46.163
J19 83 5992.07841183 30718.2926633 45.58
K4 84 8364.60438629 18491.865035 57.906
K5 85 8153.07779078 19252.9159658 57.497
K6 86 7941.30492434 20014.1060032 56.695
K7 87 7729.65519336 20775.2264874 55.651
K8 88 7517.82874471 21536.6092135 54.416
K9 89 7306.19498478 22298.0455218 53.371
K10 90 7094.69518038 23059.0001084 52.772
K11 91 6674.22475553 24571.4407425 50.007
K12 92 6461.97531825 25333.2248172 50.8692
K13 93 6201.31898683 26271.6993064 49.248
K14 94 5991.05157327 27028.2220521 48.951
K15 95 5779.20915356 27789.288954 48.507
K16 96 5567.75211132 28550.4630204 47.497
K17 97 5355.74379399 29311.3799957 47.059
K18 98 5144.09406302 30072.5004799 46.26
K19 99 4932.44433204 30833.620964 45.21
K20 100 4721.0140809 31594.698686 43.878
L4 101 7599.5110016 18689.4095684 57.852
L5 102 7387.95761499 19450.5568437 57.247
L6 103 7176.18474854 20211.7468811 56.245
L7 104 6964.65815304 20972.797812 55.11
L8 105 6753.03521317 21733.8219517 54.045
L9 106 6541.35869109 22495.0387802 53.245
L10 107 6329.80530448 23256.1860555 52.879
L11 108 5909.39928189 24768.0218323 51.595
L12 109 5648.35860915 25702.6528489 50.067
L13 110 5437.61873961 26464.2339329 48.859
L14 111 5226.25804173 27225.4347903 48.258
L15 112 5014.55472855 27986.7479632 47.45
L16 113 4802.88902652 28747.5526231 47.38
L17 114 4590.92347135 29508.6890783 46.722
L18 115 4379.45045805 30269.5473205 45.829
L19 116 4167.9398336 31030.9140755 44.675
M3 117 6725.20129837 18139.7798814 57.941
M4 118 6513.35887867 18900.8467834 56.517
M5 119 6301.51645896 19661.9136853 56.234
M6 120 6090.13979003 20422.7987185 56.123
M7 121 5878.35610353 21184.4009245 55.144
M12 122 4678.14138228 25500.5321358 51.07
M13 123 4466.7806844 26261.7329932 49.69
M14 124 4254.72960491 27022.4304887 48.73
M15 125 4043.24577156 27783.7008995 52.89
M16 126 3831.51566727 28545.1104167 47.084
M17 127 3620.13899835 29305.99545 46.597
M18 128 3408.39292301 30067.089143 45.768
M19 129 3196.71640093 30828.3059715 45.133
M20 130 2984.77763686 31589.3460823 44.126
N3 131 5960.14552485 18336.815902 58.551
N4 132 5748.51176492 19098.2522103 56.857
N5 133 5536.88882505 19859.2763501 56.02
N6 134 5325.21230297 20620.4931786 54.954
N7 135 5113.49301874 21381.4905273 54.036
N11 136 4124.95481956 24936.40491 50.932
N12 137 3913.34785074 25697.744874 50.048
N13 138 3701.39826661 26459.1971534 49.121
N14 139 3490.26786863 27219.9430801 47.677
N15 140 3278.37186671 27981.2026708 47.455
N16 141 3066.62579137 28742.2963638 46.828
N17 142 2855.07240476 29503.4436391 45.992
N18 143 2643.54580926 30264.4945699 44.776
N19 144 2431.79973392 31025.588263 44.468
O3 145 4927.3721035 18355.9229731 58.761
O4 146 4715.5296838 19116.989875 56.44
O5 147 4504.62391664 19878.4210324 55.683
O6 148 4292.31574616 20639.669803 55.08
O7 149 4080.7463885 21400.501254 54.404
O8 150 3868.98434211 22161.2791228 52.475
O9 151 3609.33525263 23096.5046947 51.324
O10 152 3397.59999734 23857.1862192 50.863
O11 153 3044.15009761 25128.9854205 50.518
O12 154 2831.9650626 25890.1646378 49.215
O13 155 2620.45443815 26651.5313929 48.421
O14 156 2408.6815717 27412.7214303 47.579
O15 157 2197.30490277 28173.6064636 46.29
O16 158 1985.50524522 28934.8928453 45.5
O17 159 1774.25171176 29695.7083253 44.846
O18 160 1562.38250095 30456.8715716 43.62
O19 161 1350.60963451 31218.061609 42.816
P2 162 4374.22830294 17792.0152272 57.894
P3 163 4162.49819865 18553.4247444 56.386
P4 164 3950.92884099 19314.2561954 54.567
P5 165 3739.1719456 20075.762057 54.053
P6 166 3527.54900573 20836.7861968 53.134
P7 167 3316.02241022 21597.8371277 52.392
P8 168 3055.73652135 22532.3666489 52.204
P9 169 2844.44537673 23293.6906419 51.454
P10 170 2633.13826106 24054.6988106 51.301
P11 171 2278.93357745 25326.5995072 49.586
P12 172 2067.33742869 26087.5273026 48.927
P13 173 1855.44142677 26848.7868933 48.16
P14 174 1644.1343111 27609.795062 47.039
P15 175 1432.53816234 28370.7228574 46.255
P16 176 1220.71171369 29132.1055836 45.858
P17 177 1009.21190929 29893.0601701 44.685
P18 178 797.342698477 30654.2234164 44.01
Q2 179 3314.51384983 17907.632561 58.21
Q3 180 3102.86411886 18668.7530451 56.629
Q4 181 2891.21438789 19429.8735293 55.269
Q5 182 2679.68779238 20190.9244601 54.651
Q6 183 2468.16119688 20951.975391 53.628
Q7 184 2207.86448795 21886.9170808 52.401
Q8 185 1996.25751913 22648.2570448 52.231
Q9 186 1784.76853478 23408.7994628 51.499
Q10 187 1572.7442464 24169.4006139 50.587
Q11 188 1219.57255971 25441.6923571 49.069
Q12 189 1007.79969326 26202.8823945 48.835
Q13 190 796.000035714 26964.1687762 47.744
Q14 191 584.52702242 27725.0270184 47.065
Q15 192 372.631020505 28486.286609 46.219
Q16 193 161.281142681 29247.0752979 45.238
Q17 194 -50.4489616087 30008.4848152 44.372
Q18 195 -262.221828054 30769.6748526 43.537
R2 196 2549.87024487 18104.6794016 57.106
R3 197 2338.04379622 18866.0621277 55.716
R4 198 2122.72215931 19626.5767184 55.001
R5 199 1912.06833216 20386.7286079 54.293
R6 200 1652.15184969 21321.0494694 53.926
R7 201 1442.04311049 22084.4667653 53.482
R8 202 1229.37687172 22843.643873 52.817
R9 203 1016.35152853 23604.4856261 51.937
R10 204 808.228927906 24367.105894 51.831
R11 205 454.586339442 25638.8515131 49.645
R12 206 243.102506092 26400.1219238 48.629
R13 207 31.1905331277 27161.0656903 48.061
R14 208 -180.582333317 27922.2557277 46.886
R15 209 -391.900269042 28683.676065 46.396
R16 210 -603.758659796 29444.4271427 45.067
R17 211 -815.269284251 30205.7938978 41.321
S2 212 1490.0594474 18220.2699443 56.728
S3 213 1278.559643 18981.2245308 56.061
S4 214 1066.93670313 19742.2486706 55.098
S5 215 806.939847353 20676.8585651 53.254
S6 216 595.290116379 21437.9790493 52.364
S7 217 383.586803194 22199.2922222 51.806
S8 218 171.963863325 22960.3163619 51.317
S9 219 -39.782212015 23721.410055 50.262
S10 220 -251.319627575 24482.8731544 49.532
S11 221 -604.839080568 25754.5492202 49.109
S12 222 -816.751053533 26515.4929867 48.332
S13 223 -1028.3739934 27276.5171265 47.364
S14 224 -1241.05157029 28037.9745568 46.453
S15 225 -1451.50755773 28798.9080213 45.161
S16 226 -1663.18407981 29560.1248498 44.295
S17 227 -1874.71067531 30321.1757807 43.815
T2 228 725.581740066 18417.4667115 55.551
T3 229 513.519840526 19178.5763756 54.896
T4 230 253.522984745 20113.1862701 53.919
T5 231 42.0659425011 20874.3603365 52.852
T6 232 -169.626550628 21635.2613408 52.479
T7 233 -381.045981712 22395.9268942 51.859
T8 234 -592.979594788 23157.6949978 50.111
T9 235 -804.532981397 23918.842273 49.258
T10 236 -1016.12913016 24679.7700684 48.96
T11 237 -1369.9216452 25951.6815851 48.316
T12 238 -1581.54458507 26712.7057249 47.556
T13 239 -1792.93207405 27474.0029267 46.922
T14 240 -2004.58180503 28235.1234109 46.006
T15 241 -2216.59012236 28996.0403862 44.895
T16 242 -2428.21306223 29757.064526 44.468
U2 243 -334.368163924 18532.8109833 54.657
U3 244 -594.3382286 19467.3245334 54.261
U4 245 -805.704077473 20227.7973981 54.054
U5 246 -1017.41821071 20989.5227396 53.648
U6 247 -1228.97159732 21750.6700148 52.536
U7 248 -1440.9639436 22511.9028144 51.071
U8 249 -1652.29785038 23273.0073275 50.098
U9 250 -1864.16706119 24034.1705737 49.813
U10 251 -2076.16455846 24794.6753805 49.176
U11 252 -2429.33624516 26066.9671237 48.217
U12 253 -2641.03955834 26828.2802966 47.658
U13 254 -2852.75884257 27589.2776452 46.938
U14 255 -3064.26946703 28350.6444003 46.008
U15 256 -3276.10106668 29111.2991337 45.651
U16 257 -3486.96407168 29872.9497709 45.033
V1 258 -887.442411226 17969.0263728 54.634
V2 259 -1147.19299607 18903.4971608 53.631
V3 260 -1358.86951815 19664.7139893 53.25
V4 261 -1570.71193785 20425.7808913 52.772
V5 262 -1782.29211557 21187.0245109 52.332
V6 263 -1993.94184654 21948.144995 51.339
V7 264 -2205.78426625 22709.211897 50.432
V8 265 -2417.72303031 23470.2520078 49.328
V9 266 -2629.08372819 24231.4528652 49.076
V10 267 -2840.6371148 24992.6001405 48.778
V11 268 -3194.472392 26264.2921773 48.047
V12 269 -3406.09533187 27025.3163171 47.025
V13 270 -3617.67550958 27786.5599367 46.056
V14 271 -3829.22889619 28547.707212 45.709
V15 272 -4040.93220938 29309.0203848 45.129
W2 274 -2207.0733468 19018.9645681 52.27
W3 275 -2418.84621324 19780.1546055 51.42
W4 276 -2630.18012002 20541.2591186 51.39
W5 277 -2842.31157282 21302.2456472 50.69
W6 278 -3053.81137722 22063.2002337 49.99
W7 279 -3265.5146904 22824.5134066 49.37
W8 280 -3477.06807701 23585.6606818 48.86
W9 281 -3689.1727387 24346.5508661 48.95
W10 282 -3900.34074785 25107.8053057 48.53
W11 283 -4253.92975411 26379.3582361 47.083
W12 284 -4465.6598584 27140.7677533 46.439
W13 285 -4677.04734738 27902.0649551 45.68
W14 286 -4888.86297598 28663.0355127 45.159
X1 287 -2760.16356515 18454.8641334 54.382
X2 288 -2971.9900138 19216.2468596 52.59
X3 289 -3183.66653588 19977.4636881 51.615
X4 290 -3394.92006934 20738.2791681 51.552
X5 291 -3606.84286236 21499.6351031 50.725
X6 292 -3818.49259334 22260.7555872 49.779
X7 293 -4030.04597995 23021.9028625 49.55
X8 294 -4241.88839965 23782.9697644 49.095
X9 295 -4453.24909753 24544.1706219 48.78
X10 296 -4665.02196398 25305.3606593 47.73
X11 297 -5018.83045006 26576.9563518 46.66
X12 298 -5230.71563192 27337.8037739 46.3
X13 299 -5442.17267417 28098.9778402 45.39
X14 300 -5653.80643409 28860.4141485 45.24
